# BornAgain Intensity Data
# Simple array suitable for numpy, matlab etc.
# coordinates         intensities
1.500000000000e-03    9.996325897262e+07
4.500000000000e-03    9.988977965296e+07
7.500000000000e-03    9.981624102013e+07
1.050000000000e-02    9.974256733185e+07
1.350000000000e-02    9.966868237917e+07
1.650000000000e-02    9.959450920572e+07
1.950000000000e-02    9.951996982062e+07
2.250000000000e-02    9.944498490224e+07
2.550000000000e-02    9.936947349042e+07
2.850000000000e-02    9.929335266423e+07
3.150000000000e-02    9.921653720212e+07
3.450000000000e-02    9.913893922121e+07
3.750000000000e-02    9.906046779212e+07
4.050000000000e-02    9.898102852503e+07
4.350000000000e-02    9.890052312261e+07
4.650000000000e-02    9.881884889456e+07
4.950000000000e-02    9.873589822795e+07
5.250000000000e-02    9.865155800667e+07
5.550000000000e-02    9.856570897240e+07
5.850000000000e-02    9.847822501837e+07
6.150000000000e-02    9.838897240560e+07
6.450000000000e-02    9.829780889000e+07
6.750000000000e-02    9.820458274648e+07
7.050000000000e-02    9.810913167401e+07
7.350000000000e-02    9.801128156263e+07
7.650000000000e-02    9.791084510014e+07
7.950000000000e-02    9.780762019171e+07
8.250000000000e-02    9.770138816107e+07
8.550000000000e-02    9.759191169512e+07
8.850000000000e-02    9.747893248659e+07
9.150000000000e-02    9.736216851961e+07
9.450000000000e-02    9.724131093128e+07
9.750000000000e-02    9.711602036763e+07
1.005000000000e-01    9.698592273333e+07
1.035000000000e-01    9.685060421122e+07
1.065000000000e-01    9.670960539715e+07
1.095000000000e-01    9.656241435676e+07
1.125000000000e-01    9.640845836004e+07
1.155000000000e-01    9.624709398362e+07
1.185000000000e-01    9.607759518288e+07
1.215000000000e-01    9.589913881961e+07
1.245000000000e-01    9.571078697348e+07
1.275000000000e-01    9.551146515139e+07
1.305000000000e-01    9.529993521290e+07
1.335000000000e-01    9.507476141637e+07
1.365000000000e-01    9.483426740368e+07
1.395000000000e-01    9.457648109615e+07
1.425000000000e-01    9.429906323488e+07
1.455000000000e-01    9.399921344772e+07
1.485000000000e-01    9.367354490161e+07
1.515000000000e-01    9.331791419264e+07
1.545000000000e-01    9.292718606773e+07
1.575000000000e-01    9.249490093563e+07
1.605000000000e-01    9.201279329840e+07
1.635000000000e-01    9.147007416537e+07
1.665000000000e-01    9.085232573776e+07
1.695000000000e-01    9.013973082232e+07
1.725000000000e-01    8.930409994340e+07
1.755000000000e-01    8.830358409084e+07
1.785000000000e-01    8.707256885985e+07
1.815000000000e-01    8.550047634881e+07
1.845000000000e-01    8.338138535279e+07
1.875000000000e-01    8.027108869568e+07
1.905000000000e-01    7.495582066701e+07
1.935000000000e-01    6.254297139289e+07
1.965000000000e-01    3.539644942670e+07
1.995000000000e-01    1.981072324539e+07
2.025000000000e-01    1.239241481465e+07
2.055000000000e-01    8.196505661172e+06
2.085000000000e-01    5.581301204254e+06
2.115000000000e-01    3.855651936555e+06
2.145000000000e-01    2.675701336945e+06
2.175000000000e-01    1.850619916595e+06
2.205000000000e-01    1.266114767933e+06
2.235000000000e-01    8.497879823802e+05
2.265000000000e-01    5.537737024583e+05
2.295000000000e-01    3.453417663122e+05
2.325000000000e-01    2.014979015615e+05
2.355000000000e-01    1.057269894973e+05
2.385000000000e-01    4.594925317289e+04
2.415000000000e-01    1.319427863496e+04
2.445000000000e-01    7.161263604983e+02
2.475000000000e-01    3.388308078819e+03
2.505000000000e-01    1.728131524552e+04
2.535000000000e-01    3.936213048775e+04
2.565000000000e-01    6.727699741177e+04
2.595000000000e-01    9.919209635155e+04
2.625000000000e-01    1.336751747780e+05
2.655000000000e-01    1.696065825974e+05
2.685000000000e-01    2.061117082344e+05
2.715000000000e-01    2.425091827902e+05
2.745000000000e-01    2.782708327149e+05
2.775000000000e-01    3.129904758620e+05
2.805000000000e-01    3.463594366315e+05
2.835000000000e-01    3.781472101539e+05
2.865000000000e-01    4.081861035965e+05
2.895000000000e-01    4.363589718359e+05
2.925000000000e-01    4.625893769086e+05
2.955000000000e-01    4.868336578202e+05
2.985000000000e-01    5.090745147436e+05
3.015000000000e-01    5.293158001383e+05
3.045000000000e-01    5.475782765253e+05
3.075000000000e-01    5.638961520437e+05
3.105000000000e-01    5.783142444995e+05
3.135000000000e-01    5.908856552773e+05
3.165000000000e-01    6.016698584021e+05
3.195000000000e-01    6.107311287748e+05
3.225000000000e-01    6.181372483843e+05
3.255000000000e-01    6.239584409963e+05
3.285000000000e-01    6.282664951329e+05
3.315000000000e-01    6.311340426045e+05
3.345000000000e-01    6.326339658280e+05
3.375000000000e-01    6.328389119876e+05
3.405000000000e-01    6.318208959894e+05
3.435000000000e-01    6.296509773267e+05
3.465000000000e-01    6.263989985532e+05
3.495000000000e-01    6.221333751672e+05
3.525000000000e-01    6.169209284390e+05
3.555000000000e-01    6.108267541342e+05
3.585000000000e-01    6.039141212577e+05
3.615000000000e-01    5.962443959103e+05
3.645000000000e-01    5.878769861529e+05
3.675000000000e-01    5.788693044385e+05
3.705000000000e-01    5.692767447281e+05
3.735000000000e-01    5.591526718662e+05
3.765000000000e-01    5.485484211808e+05
3.795000000000e-01    5.375133065930e+05
3.825000000000e-01    5.260946357931e+05
3.855000000000e-01    5.143377312688e+05
3.885000000000e-01    5.022859561589e+05
3.915000000000e-01    4.899807440696e+05
3.945000000000e-01    4.774616321228e+05
3.975000000000e-01    4.647662966239e+05
4.005000000000e-01    4.519305908281e+05
4.035000000000e-01    4.389885843684e+05
4.065000000000e-01    4.259726039769e+05
4.095000000000e-01    4.129132751881e+05
4.125000000000e-01    3.998395647617e+05
4.155000000000e-01    3.867788236045e+05
4.185000000000e-01    3.737568300067e+05
4.215000000000e-01    3.607978330339e+05
4.245000000000e-01    3.479245959470e+05
4.275000000000e-01    3.351584395368e+05
4.305000000000e-01    3.225192852818e+05
4.335000000000e-01    3.100256982534e+05
4.365000000000e-01    2.976949297000e+05
4.395000000000e-01    2.855429592593e+05
4.425000000000e-01    2.735845367508e+05
4.455000000000e-01    2.618332235112e+05
4.485000000000e-01    2.503014332412e+05
4.515000000000e-01    2.390004723368e+05
4.545000000000e-01    2.279405796812e+05
4.575000000000e-01    2.171309658819e+05
4.605000000000e-01    2.065798519332e+05
4.635000000000e-01    1.962945072935e+05
4.665000000000e-01    1.862812873648e+05
4.695000000000e-01    1.765456703654e+05
4.725000000000e-01    1.670922935864e+05
4.755000000000e-01    1.579249890259e+05
4.785000000000e-01    1.490468183944e+05
4.815000000000e-01    1.404601074856e+05
4.845000000000e-01    1.321664799072e+05
4.875000000000e-01    1.241668901696e+05
4.905000000000e-01    1.164616561256e+05
4.935000000000e-01    1.090504907599e+05
4.965000000000e-01    1.019325333247e+05
4.995000000000e-01    9.510637981791e+04
5.025000000000e-01    8.857011280248e+04
5.055000000000e-01    8.232133056369e+04
5.085000000000e-01    7.635717560320e+04
5.115000000000e-01    7.067436246762e+04
5.145000000000e-01    6.526920491040e+04
5.175000000000e-01    6.013764238583e+04
5.205000000000e-01    5.527526587428e+04
5.235000000000e-01    5.067734303802e+04
5.265000000000e-01    4.633884270749e+04
5.295000000000e-01    4.225445869789e+04
5.325000000000e-01    3.841863295653e+04
5.355000000000e-01    3.482557804164e+04
5.385000000000e-01    3.146929893371e+04
5.415000000000e-01    2.834361418066e+04
5.445000000000e-01    2.544217637877e+04
5.475000000000e-01    2.275849199140e+04
5.505000000000e-01    2.028594050816e+04
5.535000000000e-01    1.801779294734e+04
5.565000000000e-01    1.594722970500e+04
5.595000000000e-01    1.406735775447e+04
5.625000000000e-01    1.237122720036e+04
5.655000000000e-01    1.085184719153e+04
5.685000000000e-01    9.502201198152e+03
5.715000000000e-01    8.315261657952e+03
5.745000000000e-01    7.284003997557e+03
5.775000000000e-01    6.401420034942e+03
5.805000000000e-01    5.660530769526e+03
5.835000000000e-01    5.054398566788e+03
5.865000000000e-01    4.576138744654e+03
5.895000000000e-01    4.218930569275e+03
5.925000000000e-01    3.976027668151e+03
5.955000000000e-01    3.840767868926e+03
5.985000000000e-01    3.806582472488e+03
6.015000000000e-01    3.867004969351e+03
6.045000000000e-01    4.015679208573e+03
6.075000000000e-01    4.246367028804e+03
6.105000000000e-01    4.552955361297e+03
6.135000000000e-01    4.929462815020e+03
6.165000000000e-01    5.370045754241e+03
6.195000000000e-01    5.869003879204e+03
6.225000000000e-01    6.420785320753e+03
6.255000000000e-01    7.019991259962e+03
6.285000000000e-01    7.661380084028e+03
6.315000000000e-01    8.339871089869e+03
6.345000000000e-01    9.050547747045e+03
6.375000000000e-01    9.788660531760e+03
6.405000000000e-01    1.054962934385e+04
6.435000000000e-01    1.132904551881e+04
6.465000000000e-01    1.212267344692e+04
6.495000000000e-01    1.292645181180e+04
6.525000000000e-01    1.373649446068e+04
6.555000000000e-01    1.454909091865e+04
6.585000000000e-01    1.536070655956e+04
6.615000000000e-01    1.616798244570e+04
6.645000000000e-01    1.696773484913e+04
6.675000000000e-01    1.775695446682e+04
6.705000000000e-01    1.853280534236e+04
6.735000000000e-01    1.929262350650e+04
6.765000000000e-01    2.003391534918e+04
6.795000000000e-01    2.075435573529e+04
6.825000000000e-01    2.145178587661e+04
6.855000000000e-01    2.212421097224e+04
6.885000000000e-01    2.276979762964e+04
6.915000000000e-01    2.338687107844e+04
6.945000000000e-01    2.397391218920e+04
6.975000000000e-01    2.452955430870e+04
7.005000000000e-01    2.505257992395e+04
7.035000000000e-01    2.554191716625e+04
7.065000000000e-01    2.599663616704e+04
7.095000000000e-01    2.641594527679e+04
7.125000000000e-01    2.679918715821e+04
7.155000000000e-01    2.714583476478e+04
7.185000000000e-01    2.745548721550e+04
7.215000000000e-01    2.772786557654e+04
7.245000000000e-01    2.796280856019e+04
7.275000000000e-01    2.816026815156e+04
7.305000000000e-01    2.832030517298e+04
7.335000000000e-01    2.844308479594e+04
7.365000000000e-01    2.852887201039e+04
7.395000000000e-01    2.857802706059e+04
7.425000000000e-01    2.859100085684e+04
7.455000000000e-01    2.856833037196e+04
7.485000000000e-01    2.851063403124e+04
7.515000000000e-01    2.841860710431e+04
7.545000000000e-01    2.829301710705e+04
7.575000000000e-01    2.813469922162e+04
7.605000000000e-01    2.794455174208e+04
7.635000000000e-01    2.772353155312e+04
7.665000000000e-01    2.747264964910e+04
7.695000000000e-01    2.719296670001e+04
7.725000000000e-01    2.688558867120e+04
7.755000000000e-01    2.655166250302e+04
7.785000000000e-01    2.619237185644e+04
7.815000000000e-01    2.580893293039e+04
7.845000000000e-01    2.540259035629e+04
7.875000000000e-01    2.497461317488e+04
7.905000000000e-01    2.452629090036e+04
7.935000000000e-01    2.405892967633e+04
7.965000000000e-01    2.357384852788e+04
7.995000000000e-01    2.307237571396e+04
8.025000000000e-01    2.255584518358e+04
8.055000000000e-01    2.202559313956e+04
8.085000000000e-01    2.148295471286e+04
8.115000000000e-01    2.092926075038e+04
8.145000000000e-01    2.036583471904e+04
8.175000000000e-01    1.979398972831e+04
8.205000000000e-01    1.921502567338e+04
8.235000000000e-01    1.863022650080e+04
8.265000000000e-01    1.804085759812e+04
8.295000000000e-01    1.744816330880e+04
8.325000000000e-01    1.685336457353e+04
8.355000000000e-01    1.625765669860e+04
8.385000000000e-01    1.566220725205e+04
8.415000000000e-01    1.506815408767e+04
8.445000000000e-01    1.447660349718e+04
8.475000000000e-01    1.388862849011e+04
8.505000000000e-01    1.330526720133e+04
8.535000000000e-01    1.272752142524e+04
8.565000000000e-01    1.215635527612e+04
8.595000000000e-01    1.159269397336e+04
8.625000000000e-01    1.103742275051e+04
8.655000000000e-01    1.049138588653e+04
8.685000000000e-01    9.955385857752e+03
8.715000000000e-01    9.430182608740e+03
8.745000000000e-01    8.916492939982e+03
8.775000000000e-01    8.414990010351e+03
8.805000000000e-01    7.926302952009e+03
8.835000000000e-01    7.451016595288e+03
8.865000000000e-01    6.989671300977e+03
8.895000000000e-01    6.542762897262e+03
8.925000000000e-01    6.110742718477e+03
8.955000000000e-01    5.694017742693e+03
8.985000000000e-01    5.292950825042e+03
9.015000000000e-01    4.907861023610e+03
9.045000000000e-01    4.539024014596e+03
9.075000000000e-01    4.186672593389e+03
9.105000000000e-01    3.850997258088e+03
9.135000000000e-01    3.532146871982e+03
9.165000000000e-01    3.230229401380e+03
9.195000000000e-01    2.945312725179e+03
9.225000000000e-01    2.677425512478e+03
9.255000000000e-01    2.426558164531e+03
9.285000000000e-01    2.192663817284e+03
9.315000000000e-01    1.975659400730e+03
9.345000000000e-01    1.775426751293e+03
9.375000000000e-01    1.591813773452e+03
9.405000000000e-01    1.424635646813e+03
9.435000000000e-01    1.273676074832e+03
9.465000000000e-01    1.138688571428e+03
9.495000000000e-01    1.019397781729e+03
9.525000000000e-01    9.155008332231e+02
9.555000000000e-01    8.266687136263e+02
9.585000000000e-01    7.525476718114e+02
9.615000000000e-01    6.927606381977e+02
9.645000000000e-01    6.469086610406e+02
9.675000000000e-01    6.145723551270e+02
9.705000000000e-01    5.953133594420e+02
9.735000000000e-01    5.886758004395e+02
9.765000000000e-01    5.941877576214e+02
9.795000000000e-01    6.113627282108e+02
9.825000000000e-01    6.397010877835e+02
9.855000000000e-01    6.786915438058e+02
9.885000000000e-01    7.278125791255e+02
9.915000000000e-01    7.865338825439e+02
9.945000000000e-01    8.543177637046e+02
9.975000000000e-01    9.306205496286e+02
1.000500000000e+00    1.014893960330e+03
1.003500000000e+00    1.106586461055e+03
1.006500000000e+00    1.205144588786e+03
1.009500000000e+00    1.310014250776e+03
1.012500000000e+00    1.420641992983e+03
1.015500000000e+00    1.536476236380e+03
1.018500000000e+00    1.656968479248e+03
1.021500000000e+00    1.781574463670e+03
1.024500000000e+00    1.909755304540e+03
1.027500000000e+00    2.040978579560e+03
1.030500000000e+00    2.174719378779e+03
1.033500000000e+00    2.310461312355e+03
1.036500000000e+00    2.447697475361e+03
1.039500000000e+00    2.585931368537e+03
1.042500000000e+00    2.724677774043e+03
1.045500000000e+00    2.863463585357e+03
1.048500000000e+00    3.001828590597e+03
1.051500000000e+00    3.139326208641e+03
1.054500000000e+00    3.275524177559e+03
1.057500000000e+00    3.410005194955e+03
1.060500000000e+00    3.542367509941e+03
1.063500000000e+00    3.672225466572e+03
1.066500000000e+00    3.799209998682e+03
1.069500000000e+00    3.922969076143e+03
1.072500000000e+00    4.043168102699e+03
1.075500000000e+00    4.159490265610e+03
1.078500000000e+00    4.271636837434e+03
1.081500000000e+00    4.379327430381e+03
1.084500000000e+00    4.482300203753e+03
1.087500000000e+00    4.580312025073e+03
1.090500000000e+00    4.673138585596e+03
1.093500000000e+00    4.760574470973e+03
1.096500000000e+00    4.842433187915e+03
1.099500000000e+00    4.918547147772e+03
1.102500000000e+00    4.988767608038e+03
1.105500000000e+00    5.052964572827e+03
1.108500000000e+00    5.111026653447e+03
1.111500000000e+00    5.162860890273e+03
1.114500000000e+00    5.208392537131e+03
1.117500000000e+00    5.247564809520e+03
1.120500000000e+00    5.280338597989e+03
1.123500000000e+00    5.306692148070e+03
1.126500000000e+00    5.326620708198e+03
1.129500000000e+00    5.340136147076e+03
1.132500000000e+00    5.347266541998e+03
1.135500000000e+00    5.348055739650e+03
1.138500000000e+00    5.342562890954e+03
1.141500000000e+00    5.330861961533e+03
1.144500000000e+00    5.313041219397e+03
1.147500000000e+00    5.289202701460e+03
1.150500000000e+00    5.259461660520e+03
1.153500000000e+00    5.223945994326e+03
1.156500000000e+00    5.182795658388e+03
1.159500000000e+00    5.136162064138e+03
1.162500000000e+00    5.084207464118e+03
1.165500000000e+00    5.027104325787e+03
1.168500000000e+00    4.965034695596e+03
1.171500000000e+00    4.898189554926e+03
1.174500000000e+00    4.826768169486e+03
1.177500000000e+00    4.750977433746e+03
1.180500000000e+00    4.671031211966e+03
1.183500000000e+00    4.587149677333e+03
1.186500000000e+00    4.499558650730e+03
1.189500000000e+00    4.408488940595e+03
1.192500000000e+00    4.314175685318e+03
1.195500000000e+00    4.216857699584e+03
1.198500000000e+00    4.116776826026e+03
1.201500000000e+00    4.014177293530e+03
1.204500000000e+00    3.909305083471e+03
1.207500000000e+00    3.802407305134e+03
1.210500000000e+00    3.693731581528e+03
1.213500000000e+00    3.583525446738e+03
1.216500000000e+00    3.472035755938e+03
1.219500000000e+00    3.359508109109e+03
1.222500000000e+00    3.246186289490e+03
1.225500000000e+00    3.132311717704e+03
1.228500000000e+00    3.018122922473e+03
1.231500000000e+00    2.903855028767e+03
1.234500000000e+00    2.789739264191e+03
1.237500000000e+00    2.676002484343e+03
1.240500000000e+00    2.562866717839e+03
1.243500000000e+00    2.450548731621e+03
1.246500000000e+00    2.339259617139e+03
1.249500000000e+00    2.229204397907e+03
1.252500000000e+00    2.120581658901e+03
1.255500000000e+00    2.013583198206e+03
1.258500000000e+00    1.908393701254e+03
1.261500000000e+00    1.805190437937e+03
1.264500000000e+00    1.704142982856e+03
1.267500000000e+00    1.605412958846e+03
1.270500000000e+00    1.509153803951e+03
1.273500000000e+00    1.415510561875e+03
1.276500000000e+00    1.324619695958e+03
1.279500000000e+00    1.236608926638e+03
1.282500000000e+00    1.151597092306e+03
1.285500000000e+00    1.069694033426e+03
1.288500000000e+00    9.910004997452e+02
1.291500000000e+00    9.156080803450e+02
1.294500000000e+00    8.435991562789e+02
1.297500000000e+00    7.750468754596e+02
1.300500000000e+00    7.100151494401e+02
1.303500000000e+00    6.485586716803e+02
1.306500000000e+00    5.907229568541e+02
1.309500000000e+00    5.365444007132e+02
1.312500000000e+00    4.860503599872e+02
1.315500000000e+00    4.392592517655e+02
1.318500000000e+00    3.961806717710e+02
1.321500000000e+00    3.568155309093e+02
1.324500000000e+00    3.211562094417e+02
1.327500000000e+00    2.891867281093e+02
1.330500000000e+00    2.608829355052e+02
1.333500000000e+00    2.362127109717e+02
1.336500000000e+00    2.151361822753e+02
1.339500000000e+00    1.976059572964e+02
1.342500000000e+00    1.835673689496e+02
1.345500000000e+00    1.729587325378e+02
1.348500000000e+00    1.657116147285e+02
1.351500000000e+00    1.617511133300e+02
1.354500000000e+00    1.609961470355e+02
1.357500000000e+00    1.633597542970e+02
1.360500000000e+00    1.687494004822e+02
1.363500000000e+00    1.770672924697e+02
1.366500000000e+00    1.882106998286e+02
1.369500000000e+00    2.020722817382e+02
1.372500000000e+00    2.185404187967e+02
1.375500000000e+00    2.374995488773e+02
1.378500000000e+00    2.588305061960e+02
1.381500000000e+00    2.824108627583e+02
1.384500000000e+00    3.081152713666e+02
1.387500000000e+00    3.358158093782e+02
1.390500000000e+00    3.653823224158e+02
1.393500000000e+00    3.966827672483e+02
1.396500000000e+00    4.295835530728e+02
1.399500000000e+00    4.639498804485e+02
1.402500000000e+00    4.996460771484e+02
1.405500000000e+00    5.365359302164e+02
1.408500000000e+00    5.744830135368e+02
1.411500000000e+00    6.133510102467e+02
1.414500000000e+00    6.530040293432e+02
1.417500000000e+00    6.933069158617e+02
1.420500000000e+00    7.341255540286e+02
1.423500000000e+00    7.753271628143e+02
1.426500000000e+00    8.167805833422e+02
1.429500000000e+00    8.583565576358e+02
1.432500000000e+00    8.999279982126e+02
1.435500000000e+00    9.413702480663e+02
1.438500000000e+00    9.825613306029e+02
1.441500000000e+00    1.023382189132e+03
1.444500000000e+00    1.063716915539e+03
1.447500000000e+00    1.103452967798e+03
1.450500000000e+00    1.142481376019e+03
1.453500000000e+00    1.180696936742e+03
1.456500000000e+00    1.217998395235e+03
1.459500000000e+00    1.254288615585e+03
1.462500000000e+00    1.289474738381e+03
1.465500000000e+00    1.323468325847e+03
1.468500000000e+00    1.356185494295e+03
1.471500000000e+00    1.387547033807e+03
1.474500000000e+00    1.417478515082e+03
1.477500000000e+00    1.445910383408e+03
1.480500000000e+00    1.472778039774e+03
1.483500000000e+00    1.498021909120e+03
1.486500000000e+00    1.521587495806e+03
1.489500000000e+00    1.543425426366e+03
1.492500000000e+00    1.563491479653e+03
1.495500000000e+00    1.581746604529e+03
1.498500000000e+00    1.598156925242e+03
1.501500000000e+00    1.612693734694e+03
1.504500000000e+00    1.625333475793e+03
1.507500000000e+00    1.636057711141e+03
1.510500000000e+00    1.644853081310e+03
1.513500000000e+00    1.651711251976e+03
1.516500000000e+00    1.656628850226e+03
1.519500000000e+00    1.659607390350e+03
1.522500000000e+00    1.660653189448e+03
1.525500000000e+00    1.659777273229e+03
1.528500000000e+00    1.656995272354e+03
1.531500000000e+00    1.652327309721e+03
1.534500000000e+00    1.645797879093e+03
1.537500000000e+00    1.637435715491e+03
1.540500000000e+00    1.627273657759e+03
1.543500000000e+00    1.615348503771e+03
1.546500000000e+00    1.601700858702e+03
1.549500000000e+00    1.586374976835e+03
1.552500000000e+00    1.569418597364e+03
1.555500000000e+00    1.550882774665e+03
1.558500000000e+00    1.530821703517e+03
1.561500000000e+00    1.509292539741e+03
1.564500000000e+00    1.486355216755e+03
1.567500000000e+00    1.462072258525e+03
1.570500000000e+00    1.436508589396e+03
1.573500000000e+00    1.409731341289e+03
1.576500000000e+00    1.381809658758e+03
1.579500000000e+00    1.352814502372e+03
1.582500000000e+00    1.322818450922e+03
1.585500000000e+00    1.291895502902e+03
1.588500000000e+00    1.260120877758e+03
1.591500000000e+00    1.227570817348e+03
1.594500000000e+00    1.194322388074e+03
1.597500000000e+00    1.160453284136e+03
1.600500000000e+00    1.126041632333e+03
1.603500000000e+00    1.091165798856e+03
1.606500000000e+00    1.055904198470e+03
1.609500000000e+00    1.020335106500e+03
1.612500000000e+00    9.845364740096e+02
1.615500000000e+00    9.485857465529e+02
1.618500000000e+00    9.125596868595e+02
1.621500000000e+00    8.765342018081e+02
1.624500000000e+00    8.405841740228e+02
1.627500000000e+00    8.047832984100e+02
1.630500000000e+00    7.692039239428e+02
1.633500000000e+00    7.339169009775e+02
1.636500000000e+00    6.989914343757e+02
1.639500000000e+00    6.644949426826e+02
1.642500000000e+00    6.304929236008e+02
1.645500000000e+00    5.970488259734e+02
1.648500000000e+00    5.642239284804e+02
1.651500000000e+00    5.320772252277e+02
1.654500000000e+00    5.006653183928e+02
1.657500000000e+00    4.700423180723e+02
1.660500000000e+00    4.402597494577e+02
1.663500000000e+00    4.113664674456e+02
1.666500000000e+00    3.834085787736e+02
1.669500000000e+00    3.564293717516e+02
1.672500000000e+00    3.304692536404e+02
1.675500000000e+00    3.055656957120e+02
1.678500000000e+00    2.817531860078e+02
1.681500000000e+00    2.590631897922e+02
1.684500000000e+00    2.375241176829e+02
1.687500000000e+00    2.171613014201e+02
1.690500000000e+00    1.979969772214e+02
1.693500000000e+00    1.800502766521e+02
1.696500000000e+00    1.633372249244e+02
1.699500000000e+00    1.478707465221e+02
1.702500000000e+00    1.336606780343e+02
1.705500000000e+00    1.207137880647e+02
1.708500000000e+00    1.090338040700e+02
1.711500000000e+00    9.862144596610e+01
1.714500000000e+00    8.947446632814e+01
1.717500000000e+00    8.158769699844e+01
1.720500000000e+00    7.495310190216e+01
1.723500000000e+00    6.955983586146e+01
1.726500000000e+00    6.539430918647e+01
1.729500000000e+00    6.244025781207e+01
1.732500000000e+00    6.067881873937e+01
1.735500000000e+00    6.008861053244e+01
1.738500000000e+00    6.064581861244e+01
1.741500000000e+00    6.232428508374e+01
1.744500000000e+00    6.509560282048e+01
1.747500000000e+00    6.892921353465e+01
1.750500000000e+00    7.379250954342e+01
1.753500000000e+00    7.965093894698e+01
1.756500000000e+00    8.646811392543e+01
1.759500000000e+00    9.420592185937e+01
1.762500000000e+00    1.028246389774e+02
1.765500000000e+00    1.122830462303e+02
1.768500000000e+00    1.225385470929e+02
1.771500000000e+00    1.335472869917e+02
1.774500000000e+00    1.452642740592e+02
1.777500000000e+00    1.576435009155e+02
1.780500000000e+00    1.706380671783e+02
1.783500000000e+00    1.842003024086e+02
1.786500000000e+00    1.982818891980e+02
1.789500000000e+00    2.128339861094e+02
1.792500000000e+00    2.278073501876e+02
1.795500000000e+00    2.431524587597e+02
1.798500000000e+00    2.588196302505e+02
1.801500000000e+00    2.747591437467e+02
1.804500000000e+00    2.909213570463e+02
1.807500000000e+00    3.072568229391e+02
1.810500000000e+00    3.237164034718e+02
1.813500000000e+00    3.402513819575e+02
1.816500000000e+00    3.568135724993e+02
1.819500000000e+00    3.733554268054e+02
1.822500000000e+00    3.898301380833e+02
1.825500000000e+00    4.061917418099e+02
1.828500000000e+00    4.223952131832e+02
1.831500000000e+00    4.383965610731e+02
1.834500000000e+00    4.541529182987e+02
1.837500000000e+00    4.696226280698e+02
1.840500000000e+00    4.847653264407e+02
1.843500000000e+00    4.995420206390e+02
1.846500000000e+00    5.139151631376e+02
1.849500000000e+00    5.278487213562e+02
1.852500000000e+00    5.413082428844e+02
1.855500000000e+00    5.542609161344e+02
1.858500000000e+00    5.666756263403e+02
1.861500000000e+00    5.785230068354e+02
1.864500000000e+00    5.897754855475e+02
1.867500000000e+00    6.004073266675e+02
1.870500000000e+00    6.103946674549e+02
1.873500000000e+00    6.197155501595e+02
1.876500000000e+00    6.283499490453e+02
1.879500000000e+00    6.362797925184e+02
1.882500000000e+00    6.434889803704e+02
1.885500000000e+00    6.499633961581e+02
1.888500000000e+00    6.556909147558e+02
1.891500000000e+00    6.606614051213e+02
1.894500000000e+00    6.648667283328e+02
1.897500000000e+00    6.683007309602e+02
1.900500000000e+00    6.709592338471e+02
1.903500000000e+00    6.728400163869e+02
1.906500000000e+00    6.739427963870e+02
1.909500000000e+00    6.742692056256e+02
1.912500000000e+00    6.738227612107e+02
1.915500000000e+00    6.726088328633e+02
1.918500000000e+00    6.706346062506e+02
1.921500000000e+00    6.679090425070e+02
1.924500000000e+00    6.644428340836e+02
1.927500000000e+00    6.602483570760e+02
1.930500000000e+00    6.553396201868e+02
1.933500000000e+00    6.497322104832e+02
1.936500000000e+00    6.434432361172e+02
1.939500000000e+00    6.364912661795e+02
1.942500000000e+00    6.288962678651e+02
1.945500000000e+00    6.206795411289e+02
1.948500000000e+00    6.118636510160e+02
1.951500000000e+00    6.024723578553e+02
1.954500000000e+00    5.925305455031e+02
1.957500000000e+00    5.820641478321e+02
1.960500000000e+00    5.711000736564e+02
1.963500000000e+00    5.596661302891e+02
1.966500000000e+00    5.477909459278e+02
1.969500000000e+00    5.355038910639e+02
1.972500000000e+00    5.228349991112e+02
1.975500000000e+00    5.098148864502e+02
1.978500000000e+00    4.964746720807e+02
1.981500000000e+00    4.828458970767e+02
1.984500000000e+00    4.689604440352e+02
1.987500000000e+00    4.548504567045e+02
1.990500000000e+00    4.405482599821e+02
1.993500000000e+00    4.260862804612e+02
1.996500000000e+00    4.114969677080e+02
1.999500000000e+00    3.968127164437e+02
2.002500000000e+00    3.820657898022e+02
2.005500000000e+00    3.672882438321e+02
2.008500000000e+00    3.525118534027e+02
2.011500000000e+00    3.377680396717e+02
2.014500000000e+00    3.230877992656e+02
2.017500000000e+00    3.085016353182e+02
2.020500000000e+00    2.940394905062e+02
2.023500000000e+00    2.797306822149e+02
2.026500000000e+00    2.656038399608e+02
2.029500000000e+00    2.516868451908e+02
2.032500000000e+00    2.380067735696e+02
2.035500000000e+00    2.245898398633e+02
2.038500000000e+00    2.114613455151e+02
2.041500000000e+00    1.986456290049e+02
2.044500000000e+00    1.861660190775e+02
2.047500000000e+00    1.740447909130e+02
2.050500000000e+00    1.623031253083e+02
2.053500000000e+00    1.509610709309e+02
2.056500000000e+00    1.400375096953e+02
2.059500000000e+00    1.295501253079e+02
2.062500000000e+00    1.195153750175e+02
2.065500000000e+00    1.099484645974e+02
2.068500000000e+00    1.008633265834e+02
2.071500000000e+00    9.227260177776e+01
2.074500000000e+00    8.418762402653e+01
2.077500000000e+00    7.661840826590e+01
2.080500000000e+00    6.957364182935e+01
2.083500000000e+00    6.306067899658e+01
2.086500000000e+00    5.708553876041e+01
2.089500000000e+00    5.165290577887e+01
2.092500000000e+00    4.676613447388e+01
2.095500000000e+00    4.242725623029e+01
2.098500000000e+00    3.863698964233e+01
2.101500000000e+00    3.539475374882e+01
2.104500000000e+00    3.269868419130e+01
2.107500000000e+00    3.054565222339e+01
2.110500000000e+00    2.893128649460e+01
2.113500000000e+00    2.784999752482e+01
2.116500000000e+00    2.729500478188e+01
2.119500000000e+00    2.725836626863e+01
2.122500000000e+00    2.773101052103e+01
2.125500000000e+00    2.870277091519e+01
2.128500000000e+00    3.016242217608e+01
2.131500000000e+00    3.209771897722e+01
2.134500000000e+00    3.449543651694e+01
2.137500000000e+00    3.734141295352e+01
2.140500000000e+00    4.062059357821e+01
2.143500000000e+00    4.431707660313e+01
2.146500000000e+00    4.841416043768e+01
2.149500000000e+00    5.289439232605e+01
2.152500000000e+00    5.773961821583e+01
2.155500000000e+00    6.293103372696e+01
2.158500000000e+00    6.844923608854e+01
2.161500000000e+00    7.427427691103e+01
2.164500000000e+00    8.038571565973e+01
2.167500000000e+00    8.676267369682e+01
2.170500000000e+00    9.338388875782e+01
2.173500000000e+00    1.002277697300e+02
2.176500000000e+00    1.072724516002e+02
2.179500000000e+00    1.144958504416e+02
2.182500000000e+00    1.218757183088e+02
2.185500000000e+00    1.293896979139e+02
2.188500000000e+00    1.370153769569e+02
2.191500000000e+00    1.447303419867e+02
2.194500000000e+00    1.525122316715e+02
2.197500000000e+00    1.603387893588e+02
2.200500000000e+00    1.681879148101e+02
2.203500000000e+00    1.760377149981e+02
2.206500000000e+00    1.838665538547e+02
2.209500000000e+00    1.916531008681e+02
2.212500000000e+00    1.993763784235e+02
2.215500000000e+00    2.070158077925e+02
2.218500000000e+00    2.145512536756e+02
2.221500000000e+00    2.219630672112e+02
2.224500000000e+00    2.292321273634e+02
2.227500000000e+00    2.363398806121e+02
2.230500000000e+00    2.432683788680e+02
2.233500000000e+00    2.500003155436e+02
2.236500000000e+00    2.565190597150e+02
2.239500000000e+00    2.628086883148e+02
2.242500000000e+00    2.688540163018e+02
2.245500000000e+00    2.746406247572e+02
2.248500000000e+00    2.801548868647e+02
2.251500000000e+00    2.853839917365e+02
2.254500000000e+00    2.903159660497e+02
2.257500000000e+00    2.949396934682e+02
2.260500000000e+00    2.992449318277e+02
2.263500000000e+00    3.032223280658e+02
2.266500000000e+00    3.068634308870e+02
2.269500000000e+00    3.101607011579e+02
2.272500000000e+00    3.131075200300e+02
2.275500000000e+00    3.156981947978e+02
2.278500000000e+00    3.179279624999e+02
2.281500000000e+00    3.197929912805e+02
2.284500000000e+00    3.212903795304e+02
2.287500000000e+00    3.224181528348e+02
2.290500000000e+00    3.231752587553e+02
2.293500000000e+00    3.235615594847e+02
2.296500000000e+00    3.235778224116e+02
2.299500000000e+00    3.232257086401e+02
2.302500000000e+00    3.225077595139e+02
2.305500000000e+00    3.214273811952e+02
2.308500000000e+00    3.199888273578e+02
2.311500000000e+00    3.181971800526e+02
2.314500000000e+00    3.160583288120e+02
2.317500000000e+00    3.135789480577e+02
2.320500000000e+00    3.107664728866e+02
2.323500000000e+00    3.076290733051e+02
2.326500000000e+00    3.041756269914e+02
2.329500000000e+00    3.004156906636e+02
2.332500000000e+00    2.963594701365e+02
2.335500000000e+00    2.920177891505e+02
2.338500000000e+00    2.874020570592e+02
2.341500000000e+00    2.825242354640e+02
2.344500000000e+00    2.773968038840e+02
2.347500000000e+00    2.720327245537e+02
2.350500000000e+00    2.664454064388e+02
2.353500000000e+00    2.606486685644e+02
2.356500000000e+00    2.546567027481e+02
2.359500000000e+00    2.484840358324e+02
2.362500000000e+00    2.421454915110e+02
2.365500000000e+00    2.356561518415e+02
2.368500000000e+00    2.290313185410e+02
2.371500000000e+00    2.222864741560e+02
2.374500000000e+00    2.154372431999e+02
2.377500000000e+00    2.084993533516e+02
2.380500000000e+00    2.014885968028e+02
2.383500000000e+00    1.944207918476e+02
2.386500000000e+00    1.873117448002e+02
2.389500000000e+00    1.801772123264e+02
2.392500000000e+00    1.730328642768e+02
2.395500000000e+00    1.658942471006e+02
2.398500000000e+00    1.587767479235e+02
2.401500000000e+00    1.516955593655e+02
2.404500000000e+00    1.446656451758e+02
2.407500000000e+00    1.377017067566e+02
2.410500000000e+00    1.308181506464e+02
2.413500000000e+00    1.240290570301e+02
2.416500000000e+00    1.173481493389e+02
2.419500000000e+00    1.107887650024e+02
2.422500000000e+00    1.043638274090e+02
2.425500000000e+00    9.808581912998e+01
2.428500000000e+00    9.196675645608e+01
2.431500000000e+00    8.601816529620e+01
2.434500000000e+00    8.025105847915e+01
2.437500000000e+00    7.467591449949e+01
2.440500000000e+00    6.930265774294e+01
2.443500000000e+00    6.414064022331e+01
2.446500000000e+00    5.919862485931e+01
2.449500000000e+00    5.448477031549e+01
2.452500000000e+00    5.000661742741e+01
2.455500000000e+00    4.577107722800e+01
2.458500000000e+00    4.178442058707e+01
2.461500000000e+00    3.805226947311e+01
2.464500000000e+00    3.457958984152e+01
2.467500000000e+00    3.137068615090e+01
2.470500000000e+00    2.842919750345e+01
2.473500000000e+00    2.575809540357e+01
2.476500000000e+00    2.335968312377e+01
2.479500000000e+00    2.123559666369e+01
2.482500000000e+00    1.938680728439e+01
2.485500000000e+00    1.781362559696e+01
2.488500000000e+00    1.651570718033e+01
2.491500000000e+00    1.549205970016e+01
2.494500000000e+00    1.474105149777e+01
2.497500000000e+00    1.426042161417e+01
2.500500000000e+00    1.404729121202e+01
2.503500000000e+00    1.409817635464e+01
2.506500000000e+00    1.440900209915e+01
2.509500000000e+00    1.497511785751e+01
2.512500000000e+00    1.579131397711e+01
2.515500000000e+00    1.685183948992e+01
2.518500000000e+00    1.815042097712e+01
2.521500000000e+00    1.968028249375e+01
2.524500000000e+00    2.143416649650e+01
2.527500000000e+00    2.340435571515e+01
2.530500000000e+00    2.558269590717e+01
2.533500000000e+00    2.796061943348e+01
2.536500000000e+00    3.052916959123e+01
2.539500000000e+00    3.327902563959e+01
2.542500000000e+00    3.620052845219e+01
2.545500000000e+00    3.928370673005e+01
2.548500000000e+00    4.251830370753e+01
2.551500000000e+00    4.589380428337e+01
2.554500000000e+00    4.939946250906e+01
2.557500000000e+00    5.302432936566e+01
2.560500000000e+00    5.675728076113e+01
2.563500000000e+00    6.058704567965e+01
2.566500000000e+00    6.450223441488e+01
2.569500000000e+00    6.849136681999e+01
2.572500000000e+00    7.254290050695e+01
2.575500000000e+00    7.664525892947e+01
2.578500000000e+00    8.078685928371e+01
2.581500000000e+00    8.495614016299e+01
2.584500000000e+00    8.914158890312e+01
2.587500000000e+00    9.333176855643e+01
2.590500000000e+00    9.751534443485e+01
2.593500000000e+00    1.016811101621e+02
2.596500000000e+00    1.058180131797e+02
2.599500000000e+00    1.099151796491e+02
2.602500000000e+00    1.139619386996e+02
2.605500000000e+00    1.179478459680e+02
2.608500000000e+00    1.218627063827e+02
2.611500000000e+00    1.256965961450e+02
2.614500000000e+00    1.294398838619e+02
2.617500000000e+00    1.330832507900e+02
2.620500000000e+00    1.366177101494e+02
2.623500000000e+00    1.400346254714e+02
2.626500000000e+00    1.433257279449e+02
2.629500000000e+00    1.464831327297e+02
2.632500000000e+00    1.494993542082e+02
2.635500000000e+00    1.523673201483e+02
2.638500000000e+00    1.550803847550e+02
2.641500000000e+00    1.576323405881e+02
2.644500000000e+00    1.600174293310e+02
2.647500000000e+00    1.622303513931e+02
2.650500000000e+00    1.642662743347e+02
2.653500000000e+00    1.661208401055e+02
2.656500000000e+00    1.677901710898e+02
2.659500000000e+00    1.692708749550e+02
2.662500000000e+00    1.705600483033e+02
2.665500000000e+00    1.716552791281e+02
2.668500000000e+00    1.725546480806e+02
2.671500000000e+00    1.732567285541e+02
2.674500000000e+00    1.737605855970e+02
2.677500000000e+00    1.740657736665e+02
2.680500000000e+00    1.741723332401e+02
2.683500000000e+00    1.740807863027e+02
2.686500000000e+00    1.737921307292e+02
2.689500000000e+00    1.733078335875e+02
2.692500000000e+00    1.726298233861e+02
2.695500000000e+00    1.717604812944e+02
2.698500000000e+00    1.707026313666e+02
2.701500000000e+00    1.694595297995e+02
2.704500000000e+00    1.680348532600e+02
2.707500000000e+00    1.664326863168e+02
2.710500000000e+00    1.646575080159e+02
2.713500000000e+00    1.627141776365e+02
2.716500000000e+00    1.606079196711e+02
2.719500000000e+00    1.583443080709e+02
2.722500000000e+00    1.559292498001e+02
2.725500000000e+00    1.533689677450e+02
2.728500000000e+00    1.506699830233e+02
2.731500000000e+00    1.478390967411e+02
2.734500000000e+00    1.448833712464e+02
2.737500000000e+00    1.418101109260e+02
2.740500000000e+00    1.386268425979e+02
2.743500000000e+00    1.353412955466e+02
2.746500000000e+00    1.319613812537e+02
2.749500000000e+00    1.284951728734e+02
2.752500000000e+00    1.249508845044e+02
2.755500000000e+00    1.213368503081e+02
2.758500000000e+00    1.176615035250e+02
2.761500000000e+00    1.139333554395e+02
2.764500000000e+00    1.101609743429e+02
2.767500000000e+00    1.063529645449e+02
2.770500000000e+00    1.025179454831e+02
2.773500000000e+00    9.866453097856e+01
2.776500000000e+00    9.480130868571e+01
2.779500000000e+00    9.093681978330e+01
2.782500000000e+00    8.707953895265e+01
2.785500000000e+00    8.323785468812e+01
2.788500000000e+00    7.942004998326e+01
2.791500000000e+00    7.563428343543e+01
2.794500000000e+00    7.188857081032e+01
2.797500000000e+00    6.819076710509e+01
2.800500000000e+00    6.454854914945e+01
2.803500000000e+00    6.096939878059e+01
2.806500000000e+00    5.746058662707e+01
2.809500000000e+00    5.402915653481e+01
2.812500000000e+00    5.068191066668e+01
2.815500000000e+00    4.742539530513e+01
2.818500000000e+00    4.426588738537e+01
2.821500000000e+00    4.120938178500e+01
2.824500000000e+00    3.826157939348e+01
2.827500000000e+00    3.542787598330e+01
2.830500000000e+00    3.271335190211e+01
2.833500000000e+00    3.012276260346e+01
2.836500000000e+00    2.766053003142e+01
2.839500000000e+00    2.533073487193e+01
2.842500000000e+00    2.313710968247e+01
2.845500000000e+00    2.108303290825e+01
2.848500000000e+00    1.917152379193e+01
2.851500000000e+00    1.740523818137e+01
2.854500000000e+00    1.578646523760e+01
2.857500000000e+00    1.431712504327e+01
2.860500000000e+00    1.299876710964e+01
2.863500000000e+00    1.183256977810e+01
2.866500000000e+00    1.081934050997e+01
2.869500000000e+00    9.959517056690e+00
2.872500000000e+00    9.253169499858e+00
2.875500000000e+00    8.700003149225e+00
2.878500000000e+00    8.299362284492e+00
2.881500000000e+00    8.050234725037e+00
2.884500000000e+00    7.951257209624e+00
2.887500000000e+00    8.000721566753e+00
2.890500000000e+00    8.196581654306e+00
2.893500000000e+00    8.536461045641e+00
2.896500000000e+00    9.017661437832e+00
2.899500000000e+00    9.637171755541e+00
2.902500000000e+00    1.039167792411e+01
2.905500000000e+00    1.127757328218e+01
2.908500000000e+00    1.229096960436e+01
2.911500000000e+00    1.342770870269e+01
2.914500000000e+00    1.468337457439e+01
2.917500000000e+00    1.605330606284e+01
2.920500000000e+00    1.753260999727e+01
2.923500000000e+00    1.911617477618e+01
2.926500000000e+00    2.079868435866e+01
2.929500000000e+00    2.257463262686e+01
2.932500000000e+00    2.443833808280e+01
2.935500000000e+00    2.638395884156e+01
2.938500000000e+00    2.840550788312e+01
2.941500000000e+00    3.049686852450e+01
2.944500000000e+00    3.265181007363e+01
2.947500000000e+00    3.486400362632e+01
2.950500000000e+00    3.712703796785e+01
2.953500000000e+00    3.943443554038e+01
2.956500000000e+00    4.177966843795e+01
2.959500000000e+00    4.415617439090e+01
2.962500000000e+00    4.655737270165e+01
2.965500000000e+00    4.897668009486e+01
2.968500000000e+00    5.140752644460e+01
2.971500000000e+00    5.384337034255e+01
2.974500000000e+00    5.627771447154e+01
2.977500000000e+00    5.870412074934e+01
2.980500000000e+00    6.111622520899e+01
2.983500000000e+00    6.350775258209e+01
2.986500000000e+00    6.587253055325e+01
2.989500000000e+00    6.820450365427e+01
2.992500000000e+00    7.049774676808e+01
2.995500000000e+00    7.274647821368e+01
2.998500000000e+00    7.494507238405e+01
